GluGluToBulkGravitonToHHTo2B2Tau_M-350:
  Central: 19.71681022644043
  Down: 20.76976126432419
  Up: 18.566585063934326
